#RA, Dec, Flux_4.5GHz (mJy), Flux_4.5_Err, Flux_7.5GHz (mJy), Flux_7.5_Err, Spix, Spix_Err
246.420583333	24.6964444444	0.439	0.043	0.294	0.042	-0.81	0.38
246.448666667	24.6265833333	0.419	0.021	0.406	0.028	-0.06	0.22
246.454	24.6804166667	0.649	0.034	0.292	0.032	-1.61	0.28
246.460458333	24.6540833333	0.357	0.025	0.284	0.018	-0.46	0.24
246.466291667	24.4880555556	0.171	0.035	0.115	0.024	-0.8	0.61
246.483708333	24.50425	0.672	0.015	0.676	0.024	0.01	0.17
246.489625	24.5089166667	0.461	0.017	0.407	0.017	-0.25	0.18
246.512541667	24.3934444444	2.67	0.09	2.52	0.09	-0.12	0.18
246.531791667	24.4615833333	0.21	0.021	0.101	0.021	-1.48	0.49
246.531791667	24.6135833333	0.583	0.017	0.367	0.014	-0.94	0.17
246.543	24.3485833333	0.1	0.012	0.16	0.022	0.95	0.4
246.543958333	24.4814722222	0.209	0.015	0.168	0.019	-0.44	0.31
246.546166667	24.4853888889	0.451	0.01	0.298	0.016	-0.84	0.18
246.549125	24.6212222222	0.166	0.012	0.111	0.012	-0.81	0.3
246.570166667	24.3731944444	0.337	0.015	0.36	0.024	0.13	0.22
246.573583333	24.6706944444	0.465	0.026	0.331	0.025	-0.69	0.24
246.5905	24.38075	0.238	0.017	0.304	0.029	0.49	0.28
246.59325	24.3814722222	2.02	0.06	1.42	0.07	-0.71	0.18
246.598208333	24.411	0.124	0.017	0.115	0.008	-0.15	0.34
246.600333333	24.2704166667	0.192	0.015	0.344	0.028	1.18	0.27
246.60675	24.4081111111	0.218	0.014	0.198	0.023	-0.19	0.3
246.609625	24.4083888889	0.189	0.034	0.189	0.034	-0.0	0.53
246.623458333	24.3881111111	0.228	0.014	0.124	0.018	-1.23	0.35
246.623625	24.3182777778	0.267	0.017	0.227	0.021	-0.33	0.27
246.627458333	24.3397222222	0.098	0.013	0.064	0.017	-0.86	0.62
246.630333333	24.3091388889	0.242	0.026	0.139	0.015	-1.12	0.34
246.630583333	24.5616111111	0.222	0.056	0.166	0.026	-0.59	0.62
246.636583333	24.2743055556	0.093	0.015	0.142	0.024	0.86	0.49
246.638166667	24.8796388889	0.803	0.027	0.918	0.043	0.27	0.18
246.6395	24.2044166667	2.12	0.03	0.927	0.032	-1.67	0.16
246.642375	24.3912222222	7.98	0.25	7.07	0.34	-0.24	0.18
246.645625	24.4486944444	0.197	0.019	0.1	0.013	-1.37	0.36
246.647208333	24.4014444444	0.65	0.038	0.329	0.033	-1.38	0.27
246.654	24.6321944444	0.4	0.026	0.175	0.024	-1.67	0.34
246.655291667	24.7649722222	0.291	0.033	0.181	0.026	-0.96	0.4
246.662458333	24.7580555556	0.378	0.019	0.229	0.05	-1.01	0.47
246.6625	24.5146666667	0.405	0.027	0.237	0.019	-1.08	0.25
246.665416667	24.2693611111	0.119	0.016	0.066	0.014	-1.19	0.53
246.671291667	24.9821666667	0.645	0.026	0.825	0.027	0.5	0.18
246.676833333	24.4405833333	2.66	0.06	2.48	0.1	-0.14	0.17
246.677208333	24.7745277778	0.957	0.017	0.831	0.043	-0.29	0.18
246.682333333	24.2759444444	1.31	0.04	1.35	0.04	0.07	0.17
246.693166667	24.3338888889	0.553	0.021	0.768	0.02	0.66	0.17
246.696541667	24.8659444444	0.591	0.025	0.351	0.084	-1.05	0.51
246.696791667	24.6056388889	0.418	0.015	0.487	0.024	0.31	0.19
246.698208333	24.9652222222	0.575	0.062	0.308	0.028	-1.26	0.32
246.705125	24.33425	0.995	0.027	0.744	0.04	-0.59	0.19
246.707916667	24.9381944444	0.202	0.015	0.187	0.018	-0.16	0.28
246.715375	24.2448611111	0.21	0.016	0.147	0.017	-0.72	0.31
246.722416667	24.1849444444	0.283	0.02	0.276	0.016	-0.05	0.23
246.741	24.7004444444	0.174	0.018	0.161	0.016	-0.16	0.32
246.742708333	24.6273611111	0.112	0.011	0.054	0.013	-1.47	0.54
246.74325	24.3584722222	0.204	0.017	0.162	0.028	-0.47	0.41
246.7465	24.5830277778	0.551	0.016	0.702	0.024	0.49	0.17
246.75	24.4445277778	0.711	0.015	0.709	0.038	-0.01	0.18
246.750083333	24.5937777778	0.245	0.013	0.191	0.013	-0.5	0.23
246.758791667	24.6451388889	0.22	0.017	0.224	0.016	0.04	0.26
246.758958333	24.3243888889	0.548	0.019	0.309	0.016	-1.16	0.19
246.759708333	24.62425	0.102	0.016	0.121	0.014	0.35	0.42
246.759833333	24.4568888889	0.362	0.019	0.232	0.025	-0.9	0.28
246.7715	24.3355	0.254	0.022	0.141	0.015	-1.19	0.31
246.771875	24.6082777778	0.146	0.03	0.133	0.014	-0.19	0.49
246.774833333	24.4385833333	0.385	0.03	0.289	0.021	-0.58	0.26
246.789208333	24.6219444444	0.251	0.015	0.357	0.016	0.71	0.21
246.797041667	24.6229166667	0.145	0.012	0.08	0.01	-1.2	0.33
246.804416667	24.3047222222	0.3	0.018	0.179	0.018	-1.04	0.28
246.80675	24.3739166667	0.131	0.02	0.108	0.026	-0.39	0.59
246.815375	24.6460277778	0.22	0.016	0.236	0.028	0.14	0.32
246.825708333	24.4813611111	3.78	0.07	3.14	0.09	-0.38	0.16
246.826041667	24.5596666667	0.299	0.028	0.114	0.014	-1.95	0.34
246.830583333	24.5251111111	0.121	0.018	0.085	0.012	-0.71	0.44
246.83125	24.6945277778	0.16	0.037	0.087	0.012	-1.23	0.56
246.840875	24.7266388889	0.366	0.023	0.342	0.022	-0.14	0.23
246.841541667	24.4944444444	0.147	0.024	0.132	0.016	-0.22	0.43
246.850791667	24.4916111111	0.152	0.017	0.152	0.019	-0.0	0.37
246.862083333	24.6807777778	1.87	0.06	1.53	0.05	-0.41	0.17
246.864	24.5213333333	0.176	0.02	0.126	0.015	-0.68	0.36
246.866666667	24.6593611111	0.35	0.022	0.396	0.03	0.25	0.24
246.871791667	24.2986944444	3.9	0.06	2.33	0.06	-1.04	0.15
246.878416667	24.7908888889	0.844	0.016	0.487	0.065	-1.11	0.31
246.879375	24.5676111111	0.164	0.022	0.358	0.029	1.58	0.35
246.879958333	24.4760555556	0.187	0.009	0.105	0.005	-1.17	0.2
246.886166667	24.5568055556	0.184	0.019	0.2	0.015	0.17	0.29
246.893958333	24.3390833333	1.18	0.03	0.672	0.025	-1.14	0.17
246.896375	24.44	0.348	0.012	0.172	0.019	-1.42	0.27
246.909166667	24.4418055556	0.273	0.013	0.198	0.017	-0.65	0.24
246.91425	24.6543888889	0.072	0.015	0.125	0.015	1.11	0.51
246.922875	24.5937777778	0.143	0.015	0.102	0.013	-0.68	0.36
246.957708333	24.4279166667	8.0	0.1	8.51	0.27	0.12	0.16
246.964041667	24.464	0.286	0.023	0.127	0.015	-1.64	0.32
246.966208333	24.7750277778	0.769	0.042	0.661	0.037	-0.31	0.21
246.967	24.6806944444	1.67	0.05	2.21	0.07	0.57	0.17
246.967916667	24.4916388889	0.087	0.014	0.105	0.017	0.38	0.48
246.971166667	24.4750833333	0.234	0.021	0.174	0.029	-0.6	0.41
246.990875	24.6671944444	0.314	0.013	0.262	0.013	-0.37	0.19
246.996208333	24.3738611111	0.243	0.032	0.134	0.022	-1.2	0.45
246.999791667	24.8054166667	1.96	0.14	2.64	0.21	0.6	0.26
247.019375	24.5823888889	0.266	0.029	0.16	0.024	-1.03	0.4
247.615375	24.5500555556	0.24	0.029	0.202	0.02	-0.35	0.35
247.62925	24.5328333333	0.282	0.056	0.191	0.025	-0.79	0.5
247.634416667	24.5244166667	0.788	0.022	0.922	0.06	0.32	0.2
247.638583333	24.51075	0.169	0.028	0.22	0.075	0.53	0.78
247.640166667	24.5886111111	0.132	0.019	0.151	0.016	0.27	0.39
247.646708333	24.5716111111	0.194	0.027	0.133	0.015	-0.76	0.39
247.648458333	24.5719166667	1.03	0.04	1.07	0.03	0.08	0.18
247.651083333	24.5264722222	0.74	0.019	0.566	0.031	-0.54	0.19
247.653875	24.2263611111	0.68	0.044	0.45	0.023	-0.83	0.22
247.657708333	24.2016666667	1.41	0.03	0.807	0.021	-1.13	0.16
247.74175	24.5781388889	0.343	0.038	0.378	0.064	0.2	0.43
247.790125	24.4318611111	1.07	0.03	0.964	0.075	-0.21	0.22
247.790791667	24.5023333333	1.49	0.02	0.581	0.035	-1.9	0.19
247.803958333	24.4562777778	0.413	0.028	0.199	0.017	-1.48	0.26
247.812541667	24.5455277778	0.82	0.046	0.631	0.036	-0.53	0.22
247.813541667	24.5538333333	0.21	0.021	0.175	0.019	-0.37	0.33
247.815625	24.5674444444	0.457	0.03	0.482	0.028	0.11	0.23
247.833916667	24.49125	9.89	0.09	6.23	0.11	-0.93	0.15
247.834083333	24.5002777778	0.295	0.027	0.285	0.021	-0.07	0.28
247.877583333	24.5643333333	0.74	0.033	0.503	0.037	-0.78	0.22
247.879541667	24.4554444444	4.3	0.13	3.46	0.11	-0.44	0.17
247.918708333	24.8763055556	0.768	0.037	0.467	0.042	-1.01	0.25
247.966375	24.9381666667	2.87	0.13	4.43	0.31	0.88	0.22
247.967083333	24.9376944444	0.363	0.037	1.26	0.09	2.52	0.29
247.968083333	25.5290833333	0.15	0.019	0.112	0.022	-0.59	0.49
247.977041667	24.8714166667	0.646	0.017	0.353	0.027	-1.22	0.22
247.997333333	24.9443611111	2.19	0.04	1.56	0.07	-0.69	0.17
247.997958333	25.4885277778	0.328	0.021	0.252	0.017	-0.53	0.24
248.004041667	24.9453611111	0.719	0.037	0.794	0.027	0.2	0.19
248.009958333	24.9527777778	0.286	0.04	0.215	0.039	-0.58	0.48
248.033541667	25.5045277778	6.08	0.08	4.11	0.09	-0.79	0.15
248.0425	24.9385833333	0.312	0.041	0.204	0.013	-0.86	0.33
248.044875	24.641	0.533	0.033	0.361	0.027	-0.79	0.24
248.046166667	24.6141944444	0.769	0.027	0.662	0.082	-0.3	0.3
248.049125	24.6727222222	1.5	0.03	1.32	0.05	-0.27	0.16
248.114208333	24.6642777778	0.682	0.025	0.445	0.021	-0.86	0.19
248.129875	24.6707222222	0.51	0.027	0.416	0.025	-0.41	0.22
248.587916667	23.9403055556	0.18	0.02	0.148	0.016	-0.4	0.34
248.650041667	23.9373611111	0.857	0.056	0.472	0.077	-1.21	0.38
248.655416667	23.9961666667	0.588	0.034	0.737	0.056	0.46	0.24
249.065791667	24.3666111111	0.261	0.036	0.212	0.014	-0.42	0.34
249.072916667	24.4320555556	2.06	0.07	1.47	0.17	-0.68	0.28
249.112208333	24.3549444444	0.176	0.02	0.2	0.031	0.26	0.41
249.956416667	23.9941666667	0.262	0.041	0.19	0.027	-0.65	0.45
250.008583333	24.0269444444	0.396	0.026	0.215	0.024	-1.23	0.3
