#sourcename, flux, flux_err, ra, dec, ra_err, dec_err, bmaj, bmin, pos_angle, rms
SERPS_lower_try2.S1 0.000749114389529 6.67190636673e-06 -82.4596673498 -2.00911871188 0.0210646019604 0.0174099009165 4.85545632097 3.83558243872 16.1784404067 3.4238819353e-05
SERPS_lower_try2.S2 0.000177341039815 7.61549623346e-06 -82.4800359276 -2.0097841873 0.101564145704 0.0839428020857 5.09098684699 4.56095490242 3.47593073859 3.4238819353e-05
SERPS_lower_try2.S3 0.000140998948065 2.77635330168e-06 -82.4893178424 -2.01353134706 0.0465704357606 0.038490481508 5.80199061355 4.39266752698 55.0944461965 3.4238819353e-05
SERPS_lower_try2.S4 0.00166392362196 3.28037843958e-05 -82.493572592 -2.01436821485 0.0466274870669 0.0385376344327 5.86617995049 4.4878508658 20.77535451 3.4238819353e-05
SERPS_lower_try2.S5 0.000106549055867 5.82602689227e-06 -82.4382704283 -2.02429807354 0.129322567293 0.106885147275 4.91954304032 4.16744807659 30.3686721989 3.4238819353e-05
SERPS_lower_try2.S6 7.95499491304e-05 7.11426550009e-06 -82.4725854337 -2.02467398868 0.211515208236 0.174817393875 7.06048039553 3.23550471704 33.9366308851 3.4238819353e-05
SERPS_lower_try2.S7 4.8820449804e-05 4.2500298573e-06 -82.4756408194 -2.02893061197 0.205893033775 0.170170664709 5.59150972518 3.77969094085 135.089905435 3.4238819353e-05
SERPS_lower_try2.S8 3.97719990105e-05 3.64130645955e-06 -82.4710236807 -2.03669930034 0.216536569295 0.178967550552 4.56807667453 3.1055907622 3.46103236953 3.4238819353e-05
SERPS_lower_try2.S9 6.66821812211e-05 1.50994331928e-06 -82.4881524394 -2.04035251953 0.0535552811276 0.0653129699329 6.63187262354 3.4768694717 174.101818168 3.4238819353e-05
SERPS_lower_try2.S10 0.000287506360505 6.75090051983e-06 -82.4877516966 -2.04268567277 0.0555348639168 0.133328587703 8.3025926155 5.2489942929 170.841619216 3.4238819353e-05
SERPS_lower_try2.S11 3.89102230868e-05 2.5797486538e-06 -82.4859318843 -2.04600459829 0.156806877617 0.129600939409 5.8054618592 3.35487157713 163.451826499 3.4238819353e-05
SERPS_lower_try2.S12 3.00469104496e-05 2.6248803381e-06 -82.4828556322 -2.05079712799 0.206614656629 0.17076708625 5.58764798651 3.95503521243 155.665144179 3.4238819353e-05
SERPS_lower_try2.S13 0.000186976012159 1.54724237022e-06 -82.4853364496 -2.05238593427 0.0195714901561 0.016175843486 4.84651626131 3.9018657143 14.3772105264 3.4238819353e-05
SERPS_lower_try2.S14 3.16203775383e-05 6.55377394049e-07 -82.484015479 -2.05361638218 0.0490202884305 0.0421937329372 4.13791450626 3.67671266612 21.7958656639 3.4238819353e-05
SERPS_lower_try2.S15 6.81309718227e-05 1.77559640149e-06 -82.4809912471 -2.05369517298 0.061638369281 0.0509441338532 5.7121494576 4.04460894976 19.4556895109 3.4238819353e-05
SERPS_lower_try2.S16 6.30427775941e-05 2.12615491754e-06 -82.4864378013 -2.05742483469 0.079764754165 0.0659255973244 5.11068939954 3.84011596113 42.6808196675 3.4238819353e-05
SERPS_lower_try2.S17 0.000146846344785 3.31795084916e-06 -82.4944690616 -2.06197306167 0.0534389913997 0.0441673451554 5.1273573639 3.79303203768 10.2519801783 3.4238819353e-05
SERPS_lower_try2.S18 0.000170915942745 3.85425919961e-06 -82.460790406 -2.06906659254 0.0533346924094 0.0440811420033 4.49786069053 3.69561080094 11.5733427939 3.4238819353e-05
SERPS_upper_try2.S1 0.000844332181748 8.56148466425e-06 -82.4596577368 -2.00912213358 0.0156345578919 0.0128090968293 3.05264764697 2.6268451735 13.8571008744 2.62090379692e-05
SERPS_upper_try2.S2 8.7586208506e-05 7.08936140204e-06 -82.480049637 -2.00948499322 0.124801911018 0.10224783929 3.25896665744 2.78005601171 6.55493387926 2.62090379692e-05
SERPS_upper_try2.S3 0.000116319305282 1.08563363814e-05 -82.4893908815 -2.01347960414 0.143906805339 0.117900116954 3.98939437984 2.76692875586 34.5363924835 2.62090379692e-05
SERPS_upper_try2.S4 0.000946585378224 2.86865921628e-05 -82.4936136537 -2.01432747553 0.0467271204236 0.0382826437561 4.59042622398 3.14461158423 22.8344412819 2.62090379692e-05
SERPS_upper_try2.S5 0.000167290169633 1.02833491437e-05 -82.4383764716 -2.0242376907 0.0947794116637 0.0776509748352 2.73359272824 2.56189607857 152.907939005 2.62090379692e-05
SERPS_upper_try2.S6 3.35146368048e-05 4.55774075916e-06 -82.4724331538 -2.02469054854 0.20968384117 0.171789995192 2.09594206058 1.98356330987 103.29931938 2.62090379692e-05
SERPS_upper_try2.S7 8.43193203344e-05 7.66105102516e-06 -82.4758031296 -2.02915148396 0.140091283676 0.114774132403 3.76430876037 2.68358669549 71.6230773926 2.62090379692e-05
SERPS_upper_try2.S8 5.00814835504e-05 6.15979914903e-06 -82.4713079709 -2.03652701799 0.189644053569 0.155371777191 3.52391358823 2.2907986013 6.18702427745 2.62090379692e-05
SERPS_upper_try2.S9 6.07517066188e-05 1.33665364368e-06 -82.4883394399 -2.04035016509 0.0339242499763 0.0277934947577 3.47616491842 3.01982783317 154.521291984 2.62090379692e-05
SERPS_upper_try2.S10 0.000260724084444 1.72154504397e-05 -82.48772044 -2.04227651095 0.101809219251 0.0834103628975 6.58999456829 4.6597918352 176.192176935 2.62090379692e-05
SERPS_upper_try2.S11 7.32457670137e-05 4.09941222714e-06 -82.4859831445 -2.04606348167 0.0862956479236 0.0707003880661 4.11546476954 2.43019592388 16.2656966867 2.62090379692e-05
SERPS_upper_try2.S12 7.9927869717e-05 2.20372950789e-06 -82.4828725889 -2.05057690458 0.0425118389038 0.0348291435342 3.50404245781 2.9938943095 14.1975175621 2.62090379692e-05
SERPS_upper_try2.S13 0.000231494213372 3.89609271982e-06 -82.485259636 -2.0523316708 0.0259500979644 0.0212604232146 3.33695192758 2.34009133066 11.9185725601 2.62090379692e-05
SERPS_upper_try2.S14 8.33619819202e-05 2.51783844652e-06 -82.4839998587 -2.05338051788 0.0465703674083 0.0381542189829 3.39745845832 3.07782020208 91.6189360979 2.62090379692e-05
SERPS_upper_try2.S15 4.97274837956e-05 4.05923885509e-06 -82.4808445354 -2.05390994453 0.12586296647 0.103117141903 3.36515446037 2.18121063274 27.9529282482 2.62090379692e-05
SERPS_upper_try2.S16 5.59216176429e-05 1.21281382688e-06 -82.4864668397 -2.05738781478 0.033439846212 0.0273966319385 2.88350681424 2.20610256722 37.3655171503 2.62090379692e-05
SERPS_upper_try2.S17 0.00016128443698 4.82436683097e-06 -82.4944988215 -2.06192611976 0.0461208939585 0.0377859739081 2.96037608833 2.46803204712 10.5254089759 2.62090379692e-05
SERPS_upper_try2.S18 0.000167848892991 1.06191207729e-05 -82.4608367701 -2.06910720676 0.0975483514261 0.0799195146799 3.66649811509 2.5725686135 170.747342029 2.62090379692e-05
