#sourcename, flux, flux_err, ra, dec, ra_err, dec_err, bmaj, bmin, pos_angle, rms
SERPS_lower.S1 8.62718803519e-05 4.37576530881e-06 -82.438261168 -2.0242541804 0.121153587575 0.0992425724485 4.82285068044 4.05736543209 30.1471246818 3.80641686206e-05
SERPS_lower.S2 0.000709328010294 5.18176578698e-06 -82.4596739478 -2.00911548223 0.0174494687072 0.0142936762917 4.78527504295 3.80424381077 14.7407646107 3.80641686206e-05
SERPS_lower.S3 4.00797827867e-05 4.66550798934e-06 -82.4745623973 -2.01321627697 0.278051405222 0.227764916248 4.25058219884 3.47999846404 144.680652871 3.80641686206e-05
SERPS_lower.S4 0.00022751514831 1.07796114045e-05 -82.4800619115 -2.00975144353 0.11317338594 0.0927056158898 6.09097234749 4.90840172324 178.418127318 3.80641686206e-05
SERPS_lower.S5 0.000131021500242 1.10128930718e-05 -82.4892866102 -2.01354691351 0.20077534245 0.164464477428 7.7755980202 3.90673102721 75.932714861 3.80641686206e-05
SERPS_lower.S6 0.00167062684233 2.98637908912e-05 -82.4935749548 -2.01437680534 0.0426989321401 0.0349766932306 5.88789381367 4.49604913991 21.433424925 3.80641686206e-05
SERPS_lower.S7 7.43887298419e-05 5.50853059764e-06 -82.4725772104 -2.02461055774 0.176880580195 0.144891159611 6.51012493554 3.46391621269 39.5386576476 3.80641686206e-05
SERPS_lower.S8 4.62055555933e-05 5.61484473524e-06 -82.4757972927 -2.02888028164 0.290265281039 0.237769873426 5.11765991977 3.71634168606 161.613966038 3.80641686206e-05
SERPS_lower.S9 5.63732917765e-05 6.42369368828e-06 -82.4904900308 -2.03335348265 0.272184233598 0.222958841442 5.82952602211 4.44574009356 63.9607383084 3.80641686206e-05
SERPS_lower.S10 0.000334374091868 7.38139316575e-05 -82.4877222577 -2.04305341255 0.649023742143 6.14585258005 26.0942715343 3.7869005788 174.2949363 3.80641686206e-05
SERPS_lower.S11 0.000267813449009 1.98082543698e-05 -82.4876768815 -2.04262708581 0.176671032636 0.144719509401 8.75367613005 5.08140717518 165.594459177 3.80641686206e-05
SERPS_lower.S12 0.000325622540449 1.62464600466e-05 -82.4877450819 -2.04257033697 0.119177925603 0.109150854897 10.7204865654 5.08062894239 146.860900024 3.80641686206e-05
SERPS_lower.S13 7.0066547704e-05 6.36522990245e-06 -82.4858562504 -2.04627892349 0.216997583741 0.17775287432 7.79840505426 3.97548963681 168.754579652 3.80641686206e-05
SERPS_lower.S14 6.90414470985e-05 1.52149474134e-05 -82.4831036924 -2.05076021115 0.526395423258 0.431195121622 11.9445826306 6.20725584628 142.610498055 3.80641686206e-05
SERPS_lower.S15 0.000191945340219 5.92469016108e-06 -82.4853429647 -2.05240351807 0.0737292141467 0.0603950491521 4.97233261812 4.0841554778 12.5592144288 3.80641686206e-05
SERPS_lower.S16 19895.5124531 1374.83275416 -82.6205245367 -1.89598728337 32.4023981686 37.5266398254 471.506307153 258.740123104 35.2516929954 3.80641686206e-05
SERPS_lower.S17 3.98551708498e-05 5.15621604297e-06 -82.4809048857 -2.05363206465 0.309028086069 0.253139364952 5.57165935016 3.11865189805 22.5612124301 3.80641686206e-05
SERPS_lower.S18 0.000104800299413 1.6584095763e-05 -82.4869035945 -2.05711415165 0.377990436151 0.309629652704 7.86857874695 5.22789736109 112.745409327 3.80641686206e-05
SERPS_lower.S19 0.000139086103749 4.03652668296e-06 -82.494482143 -2.06194722349 0.0693227244296 0.0567854872419 5.19226501375 3.68084316368 10.975004531 3.80641686206e-05
SERPS_lower.S20 0.000101703666281 6.60681078741e-06 -82.4998482015 -2.06635003352 0.155169656332 0.127106726005 6.63792828959 4.29616845762 103.573806554 3.80641686206e-05
SERPS_lower.S21 0.000152617073559 4.83889811284e-06 -82.4608164112 -2.06905848398 0.0757346979886 0.0620378348051 4.47613351472 3.48414940467 9.87826197084 3.80641686206e-05
SERPS_upper.S1 0.000170227782379 8.97037968869e-06 -82.4383909442 -2.02425586469 0.0823196250287 0.067457550873 2.8660085742 2.55060675255 174.110845751 3.00388892356e-05
SERPS_upper.S2 0.000869156730777 9.80041336857e-06 -82.459661064 -2.00912111639 0.0176144581778 0.0144343248432 3.14022610641 2.69044976658 14.8409614003 3.00388892356e-05
SERPS_upper.S3 4.50871245636e-05 8.47757090041e-06 -82.474512155 -2.01289253185 0.293725668563 0.240696118609 4.31026178965 2.39368027086 57.0919028913 3.00388892356e-05
SERPS_upper.S4 7.82271872254e-05 7.49940070416e-06 -82.4800223968 -2.0094651688 0.149758619648 0.122721036449 3.11153594403 2.93217057817 18.3316052647 3.00388892356e-05
SERPS_upper.S5 0.000108133640384 2.13507402718e-05 -82.4892894823 -2.01343293621 0.308443142064 0.252756483523 6.44553809011 2.63166932106 76.7086596349 3.00388892356e-05
SERPS_upper.S6 0.000906148706888 2.74569768418e-05 -82.4936066544 -2.01432321176 0.0473343310194 0.0387885396911 4.51927475164 3.12494328803 23.6962006568 3.00388892356e-05
SERPS_upper.S7 3.52910786643e-05 5.26196443379e-06 -82.4723832521 -2.02466230998 0.232919560882 0.190868011389 2.36251817546 2.0981189222 51.7733470831 3.00388892356e-05
SERPS_upper.S8 6.58738438916e-05 5.90265644861e-06 -82.4757903947 -2.02915857856 0.13997726473 0.114705617929 4.10479297015 2.50183018284 63.2505424287 3.00388892356e-05
SERPS_upper.S9 2.29510886245e-05 5.48414913038e-06 -82.4905722504 -2.03312561054 0.373275060378 0.30588357717 3.51387429252 1.79737623384 20.3152508974 3.00388892356e-05
SERPS_upper.S10 0.00011666713398 2.42394351895e-05 -82.4879191145 -2.04107729897 0.32456146548 0.435503936181 8.84530252201 4.13182712636 166.08345163 3.00388892356e-05
SERPS_upper.S11 0.000257757631047 2.24863919562e-05 -82.4875625062 -2.04258439067 0.136279718451 0.129896693176 9.40069183319 4.18619754939 162.611831806 3.00388892356e-05
SERPS_upper.S12 0.000273854565362 2.99818331336e-05 -82.4875910065 -2.0425221171 0.171025631116 0.250073036713 10.2514934522 3.93964678637 157.819542806 3.00388892356e-05
SERPS_upper.S13 5.20062560906e-05 6.94927856538e-06 -82.4860563254 -2.04609646266 0.208740692379 0.171054421962 3.93349387221 2.43918707427 12.9796025848 3.00388892356e-05
SERPS_upper.S14 5.96069017844e-05 8.50908319588e-06 -82.4830655089 -2.05043906727 0.223002240286 0.182741174581 4.45028888133 3.01083461351 154.194342368 3.00388892356e-05
SERPS_upper.S15 0.000215086851131 7.25819003768e-06 -82.4852671579 -2.05234928018 0.0527153948325 0.0431981004221 3.30096129097 2.44014837879 13.6459946951 3.00388892356e-05
SERPS_upper.S16 181.288073665 60.3656257823 -83.1844305387 -1.55384663026 823.036423575 586.931079635 1270.63859695 2.527099221 125.488918232 3.00388892356e-05
SERPS_upper.S17 4.42333598961e-05 5.46600654451e-06 -82.4809239331 -2.05385669938 0.193038185416 0.158186862593 3.42783189207 2.59938494508 45.6166077092 3.00388892356e-05
SERPS_upper.S18 4.68218934109e-05 5.41024458422e-06 -82.4864714802 -2.05737354252 0.18050570115 0.147917006594 3.20379662755 1.99213149467 39.900311287 3.00388892356e-05
SERPS_upper.S19 0.000142118087153 5.12856450991e-06 -82.4945195065 -2.06191328312 0.0563727790484 0.0461951765351 2.9479166311 2.53374907168 12.1157059168 3.00388892356e-05
SERPS_upper.S20 6.20744746084e-05 1.3088650008e-05 -82.5000317772 -2.06623941584 0.329385735791 0.269918078723 6.03096391045 2.26253585864 76.6529019763 3.00388892356e-05
SERPS_upper.S21 0.00014791309303 8.71640126205e-06 -82.4608629797 -2.06910152316 0.0920563191356 0.0754363716927 3.41430799218 2.54965584877 169.374086324 3.00388892356e-05
